PQ488551: 0.1270931730356376
PQ488552: 0.12680692715042222
PQ488553: 0.12365822241305281
PQ488555: 0.1349649348790611
PQ488556: 0.12652068126520682
PQ488558: 0.12466008301130671
PQ488559: 0.21594969272545378
PQ488560: 0.12251323887219122
AB847305.1: 0.0
AB847306.1: 0.18886509635974305
AB847307.1: 0.11550021468441392
AB847308.1: 0.212225078548986
AB847309.1: 0.18657142857142858
GU345043.1: 0.22142857142857142
JN167537.1: 0.21488784112016002
JN167538.1: 0.21331618802686098
JX120573.1: 0.12263880938752146
KM516906.1: 0.21051879376875804
LC145325.1: 0.06669529125518821
LC225388.1: 0.07570120206067545
LC225389.1: 0.1410183066361556
LC549184.1: 0.14626822991135258
LC549185.1: 0.1248032059539144
LC549186.1: 0.21426533523537802
LC549187.1: 0.21322690992018245
LC573546.1: 0.15248681772837394
MG600417.1: 0.18275418275418276
MG813927.1: 0.12609131243738372
MH729811.1: 0.2233495284366962
MH729812.1: 0.1492131616595136
MK050105.1: 0.21708743403223507
MN450851.1: 0.12609131243738372
MN450852.1: 0.1229426077000143
MN450853.1: 0.144061740746034
MN450854.1: 0.12251323887219122
MN450855.1: 0.12652068126520682
MT210621.1: 0.11731044349070101
MW795566.1: 0.22343012444571592
MW795567.1: 0.2130397483557335
MZ357113.1: 0.2116371933827724
MZ542728.1: 0.1422647983986274
MZ868954.1: 0.14330618659808544
NC_038504.1: 0.22182494279176201
OM037395.1: 0.21563303801086026
OM037396.1: 0.21596914726467648
ON644869.1: 0.21261080926508436
ON887282.1: 0.20726129216695255
ON887283.1: 0.2027432490355765
OP947206.1: 0.21315225160829163
OP947207.1: 0.21729807005003574
OP947209.1: 0.21695012148063456
OP947210.1: 0.1506868918145392
OP947211.1: 0.14532970962666286
OQ067397.1: 0.1449171901770417
