Patristic Distances from AB847305.1:
AB847305.1 Orthohepevirus: 2e-06
LC145325.1: 0.0713887324
LC225388.1: 0.0840712936
JX120573.1: 0.18709964639999999
MN450851.1: 0.188262588
MG813927.1: 0.18857543710000002
MT210621.1: 0.1889580622
MN450855.1: 0.1896690466
AB847307.1: 0.1919234438
MN450852.1: 0.19597673990000003
MN450854.1: 0.1969530808
PQ488553: 0.1977230807
PQ488560: 0.1978339911
OP947210.1: 0.1979608012
PQ488552: 0.19815654910000002
LC549185.1: 0.1984811343
PQ488551: 0.1992869533
PQ488555: 0.19983377889999998
PQ488558: 0.2000308804
PQ488556: 0.20317739950000002
LC549184.1: 0.2520272878
MH729812.1: 0.25254589580000003
LC225389.1: 0.2555451795
OP947211.1: 0.2598852691
OQ067397.1: 0.2627151239
MZ542728.1: 0.26389615180000003
MZ868954.1: 0.26704436530000003
MN450853.1: 0.27135814020000004
LC573546.1: 0.2792565446
MG600417.1: 0.49337498259999996
AB847306.1: 0.5538707022999999
AB847309.1: 0.5641735637999999
ON887283.1: 0.954170911
ON887282.1: 0.9824747356
LC549186.1: 1.0183425305
LC549187.1: 1.0197170973
MZ357113.1: 1.0219739963
ON644869.1: 1.0396359037
KM516906.1: 1.0583849987
PQ488559: 1.0724087158
JN167538.1: 1.0748682778999998
AB847308.1: 1.0768236539
MW795566.1: 1.079017202
JN167537.1: 1.0803239072
NC 038504.1: 1.0821886457999998
GU345043.1: 1.0832357031
MW795567.1: 1.0836082540999998
OM037395.1: 1.0838786333
OM037396.1: 1.0850140492
MK050105.1: 1.0850828433
MH729811.1: 1.0903425220999998
OP947207.1: 1.0915705411999999
OP947206.1: 1.0918161146999998
OP947209.1: 1.0973736235
